NSDW01000006.1_Durio_zibethinus_cultivar_Musang_King_isolate_D1_scaffold_6__whole_genome_shotgun_sequence
1 3735
181055 181110
592057 593056
1193191 1200916
1224528 1225926
1568639 1568793
1971494 1971584
2337603 2337745
2483523 2483654
2530395 2530695
2608916 2608982
2827894 2837750
2843370 2844432
2844850 2853235
3032323 3032526
3230878 3236847
3256075 3276233
3304389 3304535
3506702 3506978
3679596 3680685
3700020 3700294
3794973 3795173
3990726 3990946
4038827 4049577
4093868 4094306
4103093 4104587
4501222 4501736
4505087 4506108
4523833 4525778
4912363 4912460
5127372 5127495
5145852 5146164
5172231 5172708
5381823 5381974
5557143 5557499
5832960 5833119
5846968 5847967
6038322 6039124
6192847 6192979
6533964 6534197
6979284 6980083
7118116 7119098
7219470 7219541
7243377 7244376
7301972 7303990
7315954 7335199
7432292 7432724
7493856 7494304
7840083 7847297
7910099 7910284
7935015 7953041
8007924 8008054
8366670 8367059
8391022 8391126
8834545 8838704
9319857 9320049
9376662 9377661
9480324 9481323
9485879 9514949
9726064 9727063
9977163 9977378
10125913 10127400
10136917 10137987
10245101 10245382
10500755 10500865
10913585 10914012
11167573 11169888
11173394 11175066
11176626 11179288
11179887 11181140
11181588 11185154
11185454 11186746
11186992 11187808
11187890 11190294
11218265 11218402
11218780 11227824
11228282 11235550
11236052 11238503
11272350 11275408
11275969 11278881
11290592 11292450
11374576 11383024
12113004 12116755
12408884 12409883
12426323 12437627
12455815 12456814
12535392 12548605
12570583 12571582
12585622 12586089
12633578 12649861
12675767 12677628
12700197 12701381
12769629 12770628
12835967 12836970
13004021 13004218
13035624 13035741
13402020 13402085
13436471 13436644
13581400 13582399
13772701 13772877
13781523 13782582
13976305 13976358
14041430 14041602
14235315 14235435
14324792 14328695
14569161 14570163
14646764 14647765
14736936 14738545
14900185 14900286
15069176 15069280
15128234 15128627
15179195 15179395
15229709 15229847
15561730 15564030
15583931 15584711
15680915 15681382
15740629 15740799
15760791 15772723
15780261 15781110
15790225 15790690
15811471 15811950
15812146 15813145
15829877 15830046
15838649 15838779
15839208 15839457
15882856 15884063
15938872 15949283
16024125 16026550
16214893 16215892
16267537 16305185
16315795 16335592
16517227 16551641
16884819 16886700
16888876 16889683
16949831 16988370
17134769 17164559
17228003 17228173
17456806 17456895
17927157 17927379
17989566 17990022
18152599 18153009
18153729 18154166
18173688 18174687
18831686 18831913
18937401 18937699
19110960 19111020
19176428 19180667
19589242 19591667
19825761 19828582
19923261 19924264
19947196 19947376
20305530 20327058
20331186 20331345
20506313 20527091
20535441 20537945
20594338 20611012
20624615 20626921
20632444 20632715
20653112 20654113
20799458 20807459
21166377 21166517
21175418 21176417
21194959 21195050
21298394 21299393
21412138 21412531
21543118 21543284
21642218 21642758
22182707 22184178
22353945 22354433
22447483 22461829
22543626 22578102
22580761 22581140
22602511 22603513
22629766 22630008
22698979 22700898
22825315 22826748
22870451 22871452
23086519 23086875
23091981 23097754
23293463 23294462
23413307 23418993
23479742 23480741
23820213 23833345
23884395 23889601
23898204 23899258
23904079 23904210
23949370 23949473
24214578 24240700
24257802 24264922
24321579 24321771
24435248 24435407
24568243 24576929
24671658 24671764
25007996 25008353
25012284 25012866
25137889 25137990
25151453 25151729
25215832 25216601
25476452 25476939
25515736 25522833
25675100 25675229
25812473 25812653
25830769 25831653
