NSDW01000006.1_Durio_zibethinus_cultivar_Musang_King_isolate_D1_scaffold_6__whole_genome_shotgun_sequence
437 985
2731 3735
580059 580152
592057 593056
727223 727351
1224924 1226367
2337613 2338039
2530395 2530695
2827894 2835797
2844933 2853235
3235848 3236847
3256077 3276233
3304389 3304535
3474931 3475875
3506702 3506978
3700020 3700294
3794973 3795173
3963266 3963358
3990726 3990946
4501222 4501740
4505090 4506108
4523833 4525778
4912363 4912460
5127372 5127495
5145858 5146164
5172231 5172708
5276795 5277963
5381823 5381974
5480845 5481525
5557143 5557499
5846968 5847967
6192852 6192979
6351329 6351475
6533618 6534103
6714793 6714852
6859147 6861688
6979284 6980083
7118116 7119098
7219470 7219541
7243377 7244376
7301972 7303990
7315920 7335203
7432292 7432724
7802198 7803610
7818538 7819603
7840083 7841082
7910099 7910284
7934951 7953041
8007924 8008054
8366670 8367059
9319857 9320049
9376662 9377661
9480324 9481323
9485879 9514949
9726064 9727063
10125426 10126912
10245101 10245382
10913547 10919637
11167422 11175066
11176626 11179288
11179887 11184716
11186131 11187808
11187890 11189764
11189940 11191337
11219957 11224083
11224323 11227824
11228282 11229530
11237608 11240582
11265061 11265269
11278402 11279019
11292067 11293643
11366396 11383487
12113006 12116757
12351364 12351698
12397619 12398478
12408884 12412432
12429677 12437693
12455815 12456814
12535392 12548618
12570583 12571582
12574978 12575216
12633578 12649183
12675029 12677652
12698958 12701381
12768834 12769099
12769627 12770628
12835971 12836970
13014010 13014231
13581400 13582399
13647419 13647950
13976302 13976363
13977195 13978055
14041430 14041602
14235315 14235435
14324697 14328695
14569160 14570163
14646764 14647765
14736936 14739380
14900185 14900286
15069176 15069280
15078412 15078527
15229709 15229847
15680915 15681382
15760791 15761790
15771502 15772723
15790215 15790690
15812146 15813145
15829706 15829875
15882856 15883855
15937476 15952034
16024125 16026550
16214893 16215892
16267537 16305377
16315750 16338595
16517262 16551641
16884842 16890340
16949831 16988370
17134769 17164559
17927157 17927379
18154744 18155067
18173688 18174687
18831686 18831913
19825761 19828732
19923261 19924264
20228787 20230260
20316156 20327056
20506313 20527056
20535441 20537945
20585635 20586222
20594338 20611086
20624150 20626921
20632444 20632715
20790385 20791892
21166377 21166520
21175401 21176417
21194959 21195050
21298394 21299393
21412138 21412531
21425574 21425742
21543118 21543299
21597451 21597580
22182707 22184178
22353945 22354433
22447483 22450588
22543626 22561923
22575750 22577230
22585605 22586185
22602511 22603513
22629510 22630008
22699899 22700898
22825315 22826746
22866153 22866428
22866827 22867188
22870451 22871452
22945812 22951583
23091981 23098028
23110521 23110580
23293463 23294462
23413314 23420435
23479742 23480741
23820213 23833334
23884146 23889841
23898204 23899258
23904079 23904256
24214578 24240700
24258777 24264922
24435248 24435519
24671658 24671764
25137889 25137990
25521834 25525728
26289716 26290899
