NSDW01000006.1_Durio_zibethinus_cultivar_Musang_King_isolate_D1_scaffold_6__whole_genome_shotgun_sequence
1 3735
592057 593056
864226 864548
1193199 1200916
1224528 1225926
2337603 2337745
2483523 2483654
2530395 2530695
2608916 2608982
2827894 2837733
2843370 2844432
2844850 2853235
3032319 3032522
3230879 3236847
3256078 3276233
3304389 3304535
3506702 3506978
3700020 3700294
3794973 3795173
3990726 3990946
4038827 4049577
4093868 4094306
4103093 4104587
4501166 4501835
4505088 4506108
4523833 4525778
4912363 4912460
5025957 5029421
5127372 5127495
5145852 5146164
5172231 5172708
5381823 5381974
5557143 5557499
5798137 5798594
5846968 5847967
6038322 6039124
6192852 6192979
6533964 6534197
6714793 6714852
6979284 6980083
7118116 7119098
7219470 7219541
7243377 7244376
7301972 7303990
7315923 7335203
7432292 7432724
7493591 7494038
7840083 7847297
7910099 7910284
7934951 7953041
8007924 8008054
8366670 8367059
8834545 8838704
9319802 9319943
9376662 9377661
9480324 9481323
9485879 9514949
9726064 9727063
10125426 10126912
10245101 10245382
10913585 10914012
11167573 11175066
11176626 11179288
11179887 11185154
11185454 11187808
11187890 11190294
11218265 11218402
11218780 11227824
11228282 11235550
11236052 11237514
11237875 11238503
11272350 11275408
11275969 11278881
11290592 11292450
11374576 11383024
12113006 12116757
12408884 12409883
12426323 12437688
12455815 12456814
12535392 12548605
12570583 12571582
12633578 12649861
12675767 12677628
12700197 12701381
12769629 12770628
12835967 12836970
13004021 13004154
13014081 13014231
13035624 13035741
13581400 13582399
13772701 13772877
13976305 13976358
14041430 14041602
14235315 14235435
14324792 14328695
14569160 14570163
14646764 14647765
14736936 14738545
14900185 14900286
15069176 15069280
15128234 15128627
15229709 15229847
15561730 15564030
15583931 15584711
15680915 15681382
15760791 15772723
15780261 15781112
15790225 15790690
15811471 15811950
15812146 15813145
15829877 15830046
15838649 15838779
15839208 15839457
15882856 15884063
15937476 15949283
16024125 16026550
16214893 16215892
16267537 16305185
16315795 16335592
16517250 16551641
16884819 16889683
16949831 16988370
17134769 17164559
17456804 17456893
17927157 17927379
17989566 17990022
18152599 18153009
18153729 18154166
18173688 18174687
18831686 18831913
19176428 19180667
19589242 19591667
19825761 19828582
19923261 19924264
20077958 20078105
20305530 20327058
20331187 20331346
20332764 20332888
20506313 20527082
20535441 20537945
20594338 20611012
20624615 20626921
20632444 20632715
20653112 20654113
20799458 20807441
21166377 21166521
21175418 21176417
21194959 21195050
21298394 21299393
21412138 21412531
21543118 21543284
21642218 21642758
22182707 22184178
22353945 22354433
22447483 22461829
22543626 22578102
22580761 22581140
22602511 22603513
22629766 22630008
22698979 22700898
22825315 22826746
22870451 22871452
22946202 22951583
23086519 23086875
23091979 23097754
23110521 23110580
23293463 23294462
23413307 23418993
23479742 23480741
23820213 23833359
23884395 23889601
23898204 23899258
23904079 23904210
23949370 23949473
24214578 24240700
24258777 24264922
24321579 24321771
24435248 24435407
24568254 24576929
24671658 24671764
25007996 25008353
25137889 25137990
25151453 25151729
25215832 25216601
25518632 25525727
25812473 25812653
